0.0
0.00900862434733
0.00740301849376
0.00610796259799
0.0050596570594
0.00420807016072
0.00351384047152
0.00294590194405
0.00247470321411
0.00207970471071
0.00301645079586
0.0021875642626
0.00158690679509
0.00115163733936
0.000835757062428
0.000606518947871
0.000440158092182
0.00031942801918
0.000231812753757
0.000168229302309
0.000290713694429
0.000100248157849
3.44841487656e-05
1.18330526865e-05
4.05051493119e-06
1.383126146e-06
4.71143728318e-07
1.49862683271e-07
4.60612259322e-08
1.39472867987e-08
4.16127370181e-09
1.1192189989e-09
2.45351101608e-10
4.52660889289e-11
0.0
1.54401131489e-16
1.81856530915e-13
9.31996423448e-12
1.31342163343e-10
9.16471319387e-10
4.13594783852e-09
1.39224048943e-08
3.79570731082e-08
8.82921038502e-08
9.03040635384e-07
2.51942861955e-06
5.35938967548e-06
9.65324545973e-06
1.54874476823e-05
2.28021892916e-05
3.14101112843e-05
4.10311958105e-05
5.13330559589e-05
6.1969139281e-05
0.000512394280261
0.000632829469501
0.000689105763822
0.000704470124166
0.000696391420676
0.000675514479028
0.000647641497853
0.000517066513361
0.000392011669204
0.00028808851047
0.000205434799312
0.0001166623012
4.62067667124e-05
1.43782793139e-05
0.0
2.04393486381e-14
1.16759038015e-11
3.85588273643e-10
3.92840290794e-09
2.11853027379e-08
7.72431356002e-08
2.16806749458e-07
5.04607233595e-07
1.02048662728e-06
7.19858309944e-06
1.63009881153e-05
2.96183890389e-05
4.68351811333e-05
6.71780387079e-05
8.96246452814e-05
0.000113077740434
0.000136507022307
0.000159041981088
0.000180018385353
0.00118731042955
0.00130907948157
0.00133877316141
0.00132273744935
0.00128473721812
0.00123557910488
0.0011799416909
0.000940555413779
0.000712566238017
0.000523498143688
0.000373254227255
0.00021195273793
8.39470362755e-05
2.61217655084e-05
0.0
2.45934690017e-12
6.82227276872e-10
1.45009630307e-08
1.06823303662e-07
4.46275139098e-07
1.31980749741e-06
3.10469454822e-06
6.2060331446e-06
1.0985545905e-05
5.70537147527e-05
0.000107249196643
0.000169414921854
0.000239189399419
0.000311963703412
0.000383700949156
0.000451255153853
0.000512475384863
0.000566141391437
0.000611808413334
0.00353838110356
0.00367367370821
0.00365326045373
0.00356540295219
0.00344588802659
0.00330811096194
0.00315736869224
0.00251645771619
0.00190642798994
0.0014005970396
0.000998636023054
0.000567080071531
0.000224601303336
6.98892509202e-05
0.0
2.63706251719e-10
3.51985985698e-08
4.75215759158e-07
2.50318045334e-06
8.03102902675e-06
1.91305254426e-05
3.75001189517e-05
6.40722069504e-05
9.88820655654e-05
0.000386858054406
0.000603354012251
0.000826479511511
0.00103990216624
0.00123246387478
0.00139833524359
0.00153566839057
0.00164538304591
0.00173009239843
0.00179326193212
0.00936962276195
0.00932311459353
0.00911607802728
0.00884354057186
0.00853158215714
0.00818714516743
0.00781394896489
0.00622807686694
0.00471847300891
0.00346660698934
0.00247174758847
0.00140360105478
0.000555920401279
0.000172986121806
0.0
2.47728221919e-08
1.56698113188e-06
1.31605463386e-05
4.87293753677e-05
0.000118420480628
0.000224603282565
0.000363285660539
0.000526123150263
0.000702916571508
0.00210210563597
0.00271471853023
0.00321483966269
0.00359944964723
0.00387873406826
0.00407033384815
0.00419315750625
0.00426464653452
0.0042995629684
0.00430967644921
0.0211018557431
0.0205478077668
0.0199737329497
0.0193582150954
0.0186792727456
0.0179304726418
0.0171162912877
0.0136435961803
0.0103369634614
0.00759456951777
0.00541508662907
0.00307500529399
0.00121790966137
0.000378977844661
0.0
1.9913167571e-06
5.80776516239e-05
0.000292917195791
0.000740292781232
0.00132857274303
0.00196171569594
0.00256625851882
0.00309525054175
0.0035260532813
0.0080679734906
0.00856319608152
0.00872490923525
0.0086931903412
0.00856007447935
0.00838594235636
0.00820627748839
0.00804002957138
0.00789573303712
0.00777571485643
0.0374326890521
0.0364818304525
0.0355716756463
0.0345450089869
0.0333657836271
0.0320408476007
0.0305901814261
0.0243847583515
0.0184751197853
0.0135736968629
0.00967832297586
0.00549591813188
0.00217675357087
0.00067734180663
0.0
1.32250692348e-05
0.000168299174561
0.00047596266933
0.000770595457806
0.000960024629819
0.00103836748598
0.00103579469056
0.000984537567829
0.000909867071196
0.00152437411787
0.00129181358579
0.00112797525157
0.00102038164643
0.000953445743175
0.000914303219083
0.000893280158339
0.000883550877814
0.000880492397526
0.000881077197725
0.00443028534464
0.0043958199434
0.00431244720698
0.00419517004302
0.00405332475542
0.00389234671577
0.00371592891063
0.00296203356679
0.00224414657653
0.00164876405131
0.00117559826115
0.000667572632985
0.000264403584832
8.22746181797e-05
0.0
8.13772117653e-05
0.000496514141081
0.000900993649469
0.00110588437608
0.00114896801137
0.00110110039106
0.00101454992979
0.000917763948122
0.000824991412721
0.00137076475652
0.00117844400971
0.00105373218171
0.000976921994275
0.0009320312759
0.000907802618572
0.000896433081548
0.000892681182889
0.00089312370074
0.000895593730285
0.00450436631096
0.00446486280798
0.00437730367418
0.0042569719832
0.00411255831004
0.00394907694491
0.00377004917357
0.00300516831422
0.00227682721251
0.00167277498186
0.00119271882635
0.000677294780786
0.000268254227299
8.34728281629e-05
0.0
0.000400051256855
0.00110981600117
0.00131206974337
0.00127312458177
0.00115544139461
0.00102515002965
0.000906768183691
0.000805985935253
0.000722649898741
0.00122359493917
0.00108150297482
0.000994313434314
0.000943604463391
0.000916100910362
0.000903034119765
0.000898548470764
0.000898824039393
0.000901438809221
0.000904914260839
0.00454747202355
0.00450256788077
0.00441156691968
0.00428917253425
0.00414327427219
0.00397845588927
0.00379806944976
0.00302750100839
0.002293748023
0.00168520731766
0.00120158363508
0.000682328823562
0.000270248062979
8.40932539854e-05
0.0
0.00029605685164
0.000331276920643
0.000274904210598
0.00022775105709
0.000189418971138
0.000158169436544
0.00013260466859
0.0001113944747
9.36143018926e-05
0.000135780302845
9.84694126209e-05
7.14318581027e-05
5.18389581956e-05
3.76201551826e-05
2.73013988943e-05
1.98129534014e-05
1.43784984794e-05
1.04346492081e-05
7.57255037813e-06
1.30859729338e-05
4.51249702166e-06
1.55224417025e-06
5.32644351287e-07
1.82326907102e-07
6.22590254859e-08
2.12077180911e-08
6.74580886501e-09
2.07336622731e-09
6.27812934324e-10
1.87312521135e-10
5.03797028048e-11
1.10440544647e-11
2.03757451367e-12
0.0
9.96581071071e-19
1.58149829164e-15
9.15245141126e-14
1.37851113522e-12
1.00253465906e-11
4.65230713394e-11
1.5975363587e-10
4.42047023841e-10
1.04006009762e-09
1.08966019357e-08
3.07103266876e-08
6.57475557971e-08
1.18969593732e-07
1.91545037803e-07
2.82801067505e-07
3.90446421368e-07
5.11003434449e-07
6.40313168022e-07
7.74018060441e-07
6.42616003778e-06
7.95031313361e-06
8.6649069216e-06
8.86212408783e-06
8.76250079452e-06
8.50074826853e-06
8.15040163021e-06
6.50728050609e-06
4.9335108299e-06
3.6256408164e-06
2.58543484798e-06
1.46821754299e-06
5.81521212827e-07
1.8095348473e-07
0.0
1.23767266902e-16
9.28522901397e-14
3.42037758277e-12
3.69637963322e-11
2.06686531611e-10
7.71990166196e-10
2.20411115547e-09
5.19510258394e-09
1.06082437265e-08
7.62017799767e-08
1.74055193029e-07
3.18011460103e-07
5.04867530909e-07
7.26338807553e-07
9.71325317698e-07
1.22782761193e-06
1.48452029791e-06
1.731791133e-06
1.96227030914e-06
1.29777657261e-05
1.43251242516e-05
1.46575426341e-05
1.44851638378e-05
1.40702649372e-05
1.35323223874e-05
1.29230993812e-05
1.03012894491e-05
7.80427615285e-06
5.73353522016e-06
4.08801044014e-06
2.32138001918e-06
9.1941704712e-07
2.86094621597e-07
0.0
1.33034455928e-14
4.71896612346e-12
1.10518552641e-10
8.57108709227e-10
3.69356647503e-09
1.11484695909e-08
2.66027070094e-08
5.37363009884e-08
9.58801361133e-08
5.04718949072e-07
9.5547132238e-07
1.51621552134e-06
2.14766045391e-06
2.80793954909e-06
3.4601585932e-06
4.07541224322e-06
4.63381359695e-06
5.12396187391e-06
5.54155925503e-06
3.21058233693e-05
3.33562406678e-05
3.31796687227e-05
3.23847503842e-05
3.13000726327e-05
3.00487910961e-05
2.86795519193e-05
2.28579044755e-05
1.73167714875e-05
1.27221222922e-05
9.07096529804e-06
5.15098904084e-06
2.04013307364e-06
6.34828771942e-07
0.0
1.16550265662e-12
1.93558366318e-10
2.8447681533e-09
1.56576888034e-08
5.15558822677e-08
1.24890158701e-07
2.476687937e-07
4.2673370722e-07
6.62742502274e-07
2.61801070998e-06
4.10522380666e-06
5.64326006305e-06
7.11820135718e-06
8.45171859387e-06
9.60238917778e-06
1.05565419622e-05
1.13198924509e-05
1.19100913026e-05
1.2350862949e-05
6.45892043302e-05
6.42867882184e-05
6.28639750589e-05
6.09853315662e-05
5.88339054792e-05
5.64584511223e-05
5.38847684439e-05
4.29485945759e-05
3.25384045933e-05
2.39055806975e-05
1.7045069381e-05
9.67917470191e-06
3.83360401509e-06
1.19290511318e-06
0.0
7.30707254353e-11
5.59442496279e-09
5.0543931277e-08
1.94106211883e-07
4.81715342268e-07
9.25874630138e-07
1.51110189993e-06
2.20247647473e-06
2.95647570657e-06
8.89856296372e-06
1.15349108794e-05
1.36929313111e-05
1.53562399166e-05
1.65666711591e-05
1.7399042151e-05
1.79342433538e-05
1.8247218217e-05
1.84015760975e-05
1.8448139018e-05
9.03445840592e-05
8.79718556403e-05
8.55115230731e-05
8.28747432451e-05
7.99673539557e-05
7.67613886667e-05
7.32757314604e-05
5.84089205981e-05
4.42530550943e-05
3.25127295868e-05
2.31822551534e-05
1.31642506775e-05
5.21393188722e-06
1.62242302305e-06
0.0
1.61224493805e-09
5.53968189099e-08
2.97046787543e-07
7.72933539446e-07
1.40972308442e-06
2.10221087992e-06
2.76786971609e-06
3.35317499e-06
3.83174434168e-06
8.79886937908e-06
9.35742618563e-06
9.54483632796e-06
9.51604159705e-06
9.37327158974e-06
9.18374905457e-06
8.98709986563e-06
8.80458088727e-06
8.64585410493e-06
8.51365478745e-06
4.09745747503e-05
3.99293488945e-05
3.89316998623e-05
3.78076490464e-05
3.65169726932e-05
3.50669056121e-05
3.34792436194e-05
2.66877602187e-05
2.0219992065e-05
1.48556577837e-05
1.05923875193e-05
6.01497751606e-06
2.38233603737e-06
7.41313035621e-07
0.0
7.63710765067e-09
1.12505523269e-07
3.35388922784e-07
5.55886481604e-07
7.01129527452e-07
7.63750972785e-07
7.65092757113e-07
7.29045934768e-07
6.74666358675e-07
1.13082039621e-06
9.57694295978e-07
8.35307293248e-07
7.54737562148e-07
7.04502023041e-07
6.75047829366e-07
6.59165341567e-07
6.51757306061e-07
6.49366477819e-07
6.49725874697e-07
3.26694063584e-06
3.2416911897e-06
3.18031597787e-06
3.09387575195e-06
2.98928502128e-06
2.87057109231e-06
2.74046600001e-06
2.18447479961e-06
1.65503918818e-06
1.21594957026e-06
8.66993781293e-07
4.92329170604e-07
1.94995406809e-07
6.06768346925e-08
0.0
2.50577791627e-08
1.73622278039e-07
3.27955083411e-07
4.08987745541e-07
4.28173915248e-07
4.11949350644e-07
3.80319381621e-07
3.44327890765e-07
3.095674232e-07
5.13942095034e-07
4.41278486022e-07
3.94062685617e-07
3.64924556738e-07
3.47854093325e-07
3.38606577582e-07
3.34235478213e-07
3.32759313316e-07
3.32882570115e-07
3.33784138067e-07
1.67882691199e-06
1.66419769466e-06
1.63161256879e-06
1.58678088808e-06
1.53295831347e-06
1.47202275318e-06
1.40529046777e-06
1.12018023962e-06
8.48690171611e-07
6.23528939372e-07
4.44587408633e-07
2.52462460357e-07
9.99920919719e-08
3.11145989412e-08
0.0
0.0
0.0
0.0
0.0
0.0
0.0
0.0
0.0
0.0
0.0
0.0
0.0
0.0
0.0
0.0
0.0
0.0
0.0
0.0
0.0
0.0
0.0
0.0
0.0
0.0
0.0
0.0
0.0
0.0
0.0
0.0
0.0
0.0
0.0
0.0
0.0
0.0
0.0
0.0
0.0
0.0
0.0
0.0
0.0
0.0
0.0
0.0
0.0
0.0
0.0
0.0
0.0
0.0
0.0
0.0
0.0
0.0
0.0
0.0
0.0
0.0
0.0
0.0
0.0
0.0
0.0
0.0
0.0
0.0
0.0
0.0
0.0
0.0
0.0
0.0
0.0
0.0
0.0
0.0
0.0
0.0
0.0
0.0
0.0
0.0
0.0
0.0
0.0
0.0
0.0
0.0
0.0
0.0
0.0
0.0
0.0
0.0
0.0
0.0
0.0
0.0
0.0
0.0
0.0
0.0
0.0
0.0
0.0
0.0
0.0
0.0
0.0
0.0
0.0
0.0
0.0
0.0
0.0
0.0
0.0
0.0
0.0
0.0
0.0
0.0
0.0
0.0
0.0
0.0
0.0
0.0
0.0
0.0
0.0
0.0
0.0
0.0
0.0
0.0
0.0
0.0
0.0
0.0
0.0
0.0
0.0
0.0
0.0
0.0
0.0
0.0
0.0
0.0
0.0
0.0
0.0
0.0
0.0
0.0
0.0
0.0
0.0
0.0
0.0
0.0
0.0
0.0
0.0
0.0
0.0
0.0
0.0
0.0
0.0
0.0
0.0
0.0
0.0
0.0
0.0
0.0
0.0
0.0
0.0
0.0
0.0
0.0
0.0
0.0
0.0
0.0
0.0
0.0
0.0
0.0
0.0
0.0
0.0
0.0
0.0
0.0
0.0
0.0
0.0
0.0
0.0
0.0
0.0
0.0
0.0
0.0
0.0
0.0
0.0
0.0
0.0
0.0
0.0
0.0
0.0
0.0
0.0
0.0
0.0
0.0
0.0
0.0
0.0
0.0
0.0
0.0
0.0
0.0
0.0
0.0
0.0
0.0
0.0
0.0
0.0
0.0
0.0
0.0
0.0
0.0
0.0
0.0
0.0
0.0
0.0
0.0
0.0
0.0
0.0
0.0
0.0
0.0
0.0
0.0
0.0
0.0
0.0
0.0
0.0
0.0
0.0
0.0
0.0
0.0
0.0
0.0
0.0
0.0
0.0
0.0
0.0
0.0
0.0
0.0
0.0
0.0
0.0
0.0
0.0
0.0
0.0
0.0
0.0
0.0
0.0
0.0
0.0
0.0
0.0
0.0
0.0
0.0
0.0
0.0
0.0
0.0
0.0
0.0
0.0
0.0
0.0
0.0
0.0
0.0
0.0
0.0
0.0
0.0
0.0
0.0
0.0
0.0
0.0
0.0
0.0
0.0
0.0
0.0
0.0
0.0
0.0
0.0
0.0
0.0
0.0
0.0
0.0
0.0
0.0
0.0
0.0
0.0
0.0
0.0
0.0
0.0
0.0
0.0
0.0
0.0
0.0
0.0
0.0
0.0
0.0
0.0
0.0
0.0
0.0
0.0
0.0
0.0
0.0
0.0
0.0
0.0
0.0
0.0
0.0
0.0
0.0
0.0
0.0
0.0
0.0
0.0
0.0
0.0
