0.000000000000000000e+00
9.008624347329999629e-03
7.403018493759999825e-03
6.107962597990000166e-03
5.059657059400000066e-03
4.208070160720000195e-03
3.513840471519999974e-03
2.945901944049999967e-03
2.474703214110000101e-03
2.079704710709999894e-03
3.016450795859999812e-03
2.187564262599999820e-03
1.586906795090000039e-03
1.151637339360000014e-03
8.357570624279999586e-04
6.065189478710000153e-04
4.401580921819999988e-04
3.194280191800000007e-04
2.318127537570000083e-04
1.682293023090000088e-04
2.907136944289999869e-04
1.002481578490000043e-04
3.448414876560000137e-05
1.183305268649999925e-05
4.050514931190000149e-06
1.383126145999999914e-06
4.711437283179999840e-07
1.498626832709999973e-07
4.606122593219999938e-08
1.394728679870000082e-08
4.161273701809999790e-09
1.119218998900000001e-09
2.453511016080000004e-10
4.526608892890000070e-11
0.000000000000000000e+00
1.544011314890000030e-16
1.818565309149999919e-13
9.319964234479999758e-12
1.313421633430000024e-10
9.164713193870000508e-10
4.135947838520000038e-09
1.392240489429999987e-08
3.795707310820000237e-08
8.829210385020000063e-08
9.030406353840000497e-07
2.519428619549999796e-06
5.359389675479999822e-06
9.653245459729999263e-06
1.548744768229999970e-05
2.280218929159999938e-05
3.141011128429999793e-05
4.103119581049999689e-05
5.133305595890000085e-05
6.196913928099999813e-05
5.123942802609999549e-04
6.328294695010000439e-04
6.891057638219999764e-04
7.044701241659999738e-04
6.963914206759999831e-04
6.755144790279999896e-04
6.476414978530000517e-04
5.170665133610000304e-04
3.920116692039999923e-04
2.880885104700000210e-04
2.054347993119999961e-04
1.166623012000000021e-04
4.620676671240000100e-05
1.437827931390000032e-05
0.000000000000000000e+00
2.043934863809999987e-14
1.167590380149999928e-11
3.855882736429999971e-10
3.928402907939999884e-09
2.118530273789999919e-08
7.724313560020000145e-08
2.168067494580000119e-07
5.046072335949999728e-07
1.020486627279999970e-06
7.198583099440000358e-06
1.630098811530000092e-05
2.961838903889999907e-05
4.683518113329999721e-05
6.717803870790000330e-05
8.962464528140000385e-05
1.130777404340000032e-04
1.365070223070000100e-04
1.590419810879999953e-04
1.800183853529999946e-04
1.187310429549999968e-03
1.309079481569999908e-03
1.338773161410000082e-03
1.322737449349999962e-03
1.284737218119999915e-03
1.235579104879999971e-03
1.179941690900000078e-03
9.405554137790000328e-04
7.125662380169999702e-04
5.234981436880000371e-04
3.732542272549999756e-04
2.119527379299999893e-04
8.394703627550000676e-05
2.612176550839999877e-05
0.000000000000000000e+00
2.459346900169999999e-12
6.822272768719999824e-10
1.450096303069999952e-08
1.068233036620000065e-07
4.462751390980000102e-07
1.319807497409999982e-06
3.104694548220000103e-06
6.206033144600000356e-06
1.098554590499999923e-05
5.705371475270000318e-05
1.072491966429999952e-04
1.694149218540000107e-04
2.391893994189999936e-04
3.119637034119999877e-04
3.837009491560000010e-04
4.512551538530000170e-04
5.124753848629999510e-04
5.661413914370000411e-04
6.118084133339999828e-04
3.538381103560000150e-03
3.673673708209999889e-03
3.653260453729999940e-03
3.565402952190000092e-03
3.445888026589999983e-03
3.308110961939999834e-03
3.157368692239999938e-03
2.516457716189999822e-03
1.906427989940000017e-03
1.400597039600000098e-03
9.986360230539999099e-04
5.670800715309999530e-04
2.246013033360000084e-04
6.988925092020000396e-05
0.000000000000000000e+00
2.637062517190000197e-10
3.519859856979999731e-08
4.752157591579999783e-07
2.503180453340000032e-06
8.031029026749999291e-06
1.913052544260000152e-05
3.750011895170000172e-05
6.407220695040000580e-05
9.888206556539999874e-05
3.868580544060000112e-04
6.033540122509999755e-04
8.264795115109999785e-04
1.039902166239999948e-03
1.232463874780000005e-03
1.398335243590000066e-03
1.535668390569999969e-03
1.645383045910000022e-03
1.730092398430000062e-03
1.793261932120000096e-03
9.369622761950000683e-03
9.323114593529999855e-03
9.116078027280000856e-03
8.843540571860000754e-03
8.531582157140000025e-03
8.187145167430000259e-03
7.813948964890000612e-03
6.228076866939999748e-03
4.718473008910000280e-03
3.466606989339999795e-03
2.471747588469999993e-03
1.403601054779999961e-03
5.559204012790000494e-04
1.729861218059999925e-04
0.000000000000000000e+00
2.477282219189999841e-08
1.566981131879999939e-06
1.316054633860000065e-05
4.872937536769999714e-05
1.184204806279999994e-04
2.246032825649999941e-04
3.632856605389999912e-04
5.261231502630000448e-04
7.029165715080000400e-04
2.102105635970000132e-03
2.714718530230000176e-03
3.214839662689999815e-03
3.599449647229999855e-03
3.878734068260000084e-03
4.070333848149999649e-03
4.193157506249999694e-03
4.264646534519999851e-03
4.299562968399999775e-03
4.309676449210000058e-03
2.110185574310000090e-02
2.054780776679999976e-02
1.997373294970000018e-02
1.935821509539999846e-02
1.867927274559999865e-02
1.793047264180000142e-02
1.711629128770000147e-02
1.364359618029999978e-02
1.033696346139999916e-02
7.594569517770000285e-03
5.415086629069999595e-03
3.075005293989999892e-03
1.217909661370000091e-03
3.789778446610000116e-04
0.000000000000000000e+00
1.991316757099999871e-06
5.807765162390000045e-05
2.929171957910000181e-04
7.402927812320000229e-04
1.328572743030000027e-03
1.961715695939999799e-03
2.566258518820000063e-03
3.095250541749999806e-03
3.526053281300000133e-03
8.067973490600000713e-03
8.563196081519999434e-03
8.724909235249999478e-03
8.693190341200000490e-03
8.560074479349999779e-03
8.385942356359999197e-03
8.206277488389999986e-03
8.040029571379999490e-03
7.895733037120000047e-03
7.775714856430000245e-03
3.743268905210000302e-02
3.648183045250000256e-02
3.557167564629999668e-02
3.454500898690000127e-02
3.336578362709999995e-02
3.204084760070000093e-02
3.059018142610000004e-02
2.438475835149999868e-02
1.847511978530000029e-02
1.357369686289999940e-02
9.678322975860000066e-03
5.495918131879999786e-03
2.176753570870000164e-03
6.773418066300000229e-04
0.000000000000000000e+00
1.322506923479999955e-05
1.682991745609999958e-04
4.759626693299999749e-04
7.705954578060000360e-04
9.600246298189999816e-04
1.038367485980000058e-03
1.035794690560000062e-03
9.845375678289999214e-04
9.098670711960000178e-04
1.524374117870000000e-03
1.291813585790000003e-03
1.127975251570000103e-03
1.020381646429999916e-03
9.534457431749999773e-04
9.143032190829999961e-04
8.932801583389999916e-04
8.835508778139999648e-04
8.804923975260000452e-04
8.810771977249999684e-04
4.430285344639999651e-03
4.395819943400000075e-03
4.312447206979999614e-03
4.195170043019999691e-03
4.053324755419999634e-03
3.892346715770000215e-03
3.715928910630000078e-03
2.962033566790000117e-03
2.244146576530000204e-03
1.648764051309999914e-03
1.175598261149999983e-03
6.675726329849999844e-04
2.644035848320000167e-04
8.227461817969999392e-05
0.000000000000000000e+00
8.137721176530000140e-05
4.965141410809999472e-04
9.009936494689999541e-04
1.105884376079999945e-03
1.148968011369999988e-03
1.101100391059999959e-03
1.014549929789999990e-03
9.177639481220000069e-04
8.249914127210000248e-04
1.370764756520000084e-03
1.178444009710000011e-03
1.053732181710000061e-03
9.769219942749999587e-04
9.320312759000000521e-04
9.078026185720000250e-04
8.964330815479999888e-04
8.926811828890000465e-04
8.931237007399999957e-04
8.955937302849999821e-04
4.504366310960000036e-03
4.464862807979999744e-03
4.377303674179999944e-03
4.256971983199999733e-03
4.112558310040000283e-03
3.949076944910000220e-03
3.770049173570000096e-03
3.005168314220000182e-03
2.276827212509999979e-03
1.672774981859999907e-03
1.192718826350000092e-03
6.772947807860000332e-04
2.682542272989999854e-04
8.347282816289999547e-05
0.000000000000000000e+00
4.000512568550000062e-04
1.109816001170000092e-03
1.312069743370000013e-03
1.273124581770000057e-03
1.155441394609999948e-03
1.025150029649999966e-03
9.067681836909999814e-04
8.059859352529999930e-04
7.226498987410000371e-04
1.223594939169999956e-03
1.081502974819999923e-03
9.943134343140000529e-04
9.436044633909999564e-04
9.161009103619999639e-04
9.030341197650000422e-04
8.985484707640000379e-04
8.988240393930000370e-04
9.014388092209999533e-04
9.049142608389999657e-04
4.547472023549999944e-03
4.502567880770000190e-03
4.411566919680000136e-03
4.289172534250000092e-03
4.143274272190000315e-03
3.978455889270000184e-03
3.798069449759999914e-03
3.027501008390000217e-03
2.293748022999999876e-03
1.685207317660000065e-03
1.201583635080000082e-03
6.823288235620000126e-04
2.702480629790000042e-04
8.409325398539999551e-05
0.000000000000000000e+00
2.960568516400000029e-04
3.312769206430000177e-04
2.749042105979999993e-04
2.277510570900000131e-04
1.894189711379999945e-04
1.581694365440000009e-04
1.326046685899999933e-04
1.113944746999999955e-04
9.361430189260000478e-05
1.357803028450000043e-04
9.846941262089999448e-05
7.143185810269999509e-05
5.183895819560000047e-05
3.762015518260000138e-05
2.730139889429999836e-05
1.981295340139999916e-05
1.437849847940000003e-05
1.043464920810000050e-05
7.572550378130000417e-06
1.308597293380000029e-05
4.512497021660000119e-06
1.552244170249999942e-06
5.326443512870000057e-07
1.823269071019999942e-07
6.225902548590000008e-08
2.120771809110000134e-08
6.745808865010000307e-09
2.073366227310000174e-09
6.278129343239999528e-10
1.873125211350000105e-10
5.037970280480000095e-11
1.104405446470000047e-11
2.037574513670000074e-12
0.000000000000000000e+00
9.965810710709999835e-19
1.581498291640000085e-15
9.152451411260000423e-14
1.378511135220000032e-12
1.002534659060000065e-11
4.652307133939999909e-11
1.597536358700000069e-10
4.420470238409999911e-10
1.040060097620000016e-09
1.089660193570000058e-08
3.071032668759999844e-08
6.574755579709999894e-08
1.189695937320000019e-07
1.915450378030000065e-07
2.828010675050000080e-07
3.904464213680000214e-07
5.110034344490000150e-07
6.403131680220000380e-07
7.740180604409999703e-07
6.426160037779999786e-06
7.950313133609999275e-06
8.664906921600000711e-06
8.862124087830000019e-06
8.762500794520000814e-06
8.500748268529999480e-06
8.150401630210000765e-06
6.507280506090000377e-06
4.933510829900000108e-06
3.625640816400000193e-06
2.585434847979999905e-06
1.468217542989999911e-06
5.815212128270000203e-07
1.809534847299999943e-07
0.000000000000000000e+00
1.237672669020000085e-16
9.285229013970000361e-14
3.420377582770000143e-12
3.696379633220000055e-11
2.066865316109999903e-10
7.719901661960000263e-10
2.204111155469999917e-09
5.195102583939999702e-09
1.060824372649999951e-08
7.620177997669999540e-08
1.740551930289999906e-07
3.180114601029999763e-07
5.048675309089999526e-07
7.263388075529999564e-07
9.713253176979999975e-07
1.227827611930000056e-06
1.484520297910000080e-06
1.731791133000000005e-06
1.962270309140000164e-06
1.297776572610000076e-05
1.432512425160000029e-05
1.465754263410000084e-05
1.448516383780000042e-05
1.407026493720000053e-05
1.353232238739999947e-05
1.292309938120000075e-05
1.030128944909999997e-05
7.804276152850000810e-06
5.733535220159999971e-06
4.088010440140000402e-06
2.321380019179999969e-06
9.194170471200000495e-07
2.860946215970000148e-07
0.000000000000000000e+00
1.330344559280000071e-14
4.718966123459999948e-12
1.105185526410000033e-10
8.571087092270000203e-10
3.693566475029999989e-09
1.114846959089999991e-08
2.660270700940000037e-08
5.373630098840000180e-08
9.588013611329999982e-08
5.047189490719999528e-07
9.554713223800000996e-07
1.516215521339999937e-06
2.147660453909999899e-06
2.807939549089999833e-06
3.460158593200000110e-06
4.075412243220000317e-06
4.633813596950000160e-06
5.123961873910000169e-06
5.541559255029999918e-06
3.210582336929999843e-05
3.335624066779999667e-05
3.317966872269999902e-05
3.238475038420000137e-05
3.130007263270000010e-05
3.004879109609999909e-05
2.867955191930000086e-05
2.285790447550000139e-05
1.731677148750000139e-05
1.272212229220000025e-05
9.070965298040000455e-06
5.150989040840000404e-06
2.040133073640000064e-06
6.348287719419999680e-07
0.000000000000000000e+00
1.165502656620000100e-12
1.935583663179999982e-10
2.844768153299999955e-09
1.565768880340000055e-08
5.155588226770000239e-08
1.248901587010000130e-07
2.476687937000000012e-07
4.267337072199999839e-07
6.627425022739999523e-07
2.618010709980000133e-06
4.105223806659999872e-06
5.643260063049999832e-06
7.118201357180000046e-06
8.451718593870000151e-06
9.602389177779999374e-06
1.055654196220000060e-05
1.131989245089999978e-05
1.191009130259999971e-05
1.235086294899999994e-05
6.458920433020000492e-05
6.428678821840000141e-05
6.286397505890000618e-05
6.098533156619999877e-05
5.883390547919999905e-05
5.645845112229999819e-05
5.388476844389999824e-05
4.294859457589999901e-05
3.253840459329999712e-05
2.390558069749999936e-05
1.704506938099999944e-05
9.679174701910000565e-06
3.833604015089999662e-06
1.192905113180000073e-06
0.000000000000000000e+00
7.307072543529999540e-11
5.594424962789999940e-09
5.054393127699999700e-08
1.941062118830000066e-07
4.817153422679999994e-07
9.258746301379999629e-07
1.511101899930000068e-06
2.202476474730000185e-06
2.956475706569999972e-06
8.898562963720000270e-06
1.153491087939999993e-05
1.369293131109999942e-05
1.535623991660000086e-05
1.656667115910000009e-05
1.739904215099999989e-05
1.793424335379999995e-05
1.824721821700000157e-05
1.840157609749999861e-05
1.844813901799999948e-05
9.034458405919999855e-05
8.797185564030000177e-05
8.551152307309999945e-05
8.287474324509999353e-05
7.996735395569999757e-05
7.676138866669999920e-05
7.327573146040000011e-05
5.840892059809999680e-05
4.425305509429999686e-05
3.251272958680000142e-05
2.318225515340000136e-05
1.316425067749999933e-05
5.213931887220000197e-06
1.622423023050000037e-06
0.000000000000000000e+00
1.612244938049999968e-09
5.539681890990000182e-08
2.970467875430000210e-07
7.729335394459999572e-07
1.409723084419999927e-06
2.102210879919999900e-06
2.767869716089999842e-06
3.353174990000000051e-06
3.831744341679999641e-06
8.798869379080000288e-06
9.357426185630000223e-06
9.544836327960000706e-06
9.516041597049999554e-06
9.373271589739999181e-06
9.183749054569999930e-06
8.987099865630000805e-06
8.804580887269999553e-06
8.645854104929999874e-06
8.513654787450000553e-06
4.097457475029999698e-05
3.992934889449999803e-05
3.893169986230000045e-05
3.780764904639999835e-05
3.651697269320000003e-05
3.506690561209999910e-05
3.347924361939999896e-05
2.668776021869999988e-05
2.021999206500000156e-05
1.485565778370000050e-05
1.059238751929999932e-05
6.014977516059999765e-06
2.382336037369999880e-06
7.413130356210000448e-07
0.000000000000000000e+00
7.637107650669999321e-09
1.125055232690000006e-07
3.353889227839999794e-07
5.558864816039999544e-07
7.011295274519999785e-07
7.637509727849999851e-07
7.650927571129999914e-07
7.290459347680000098e-07
6.746663586750000421e-07
1.130820396209999920e-06
9.576942959780000275e-07
8.353072932479999782e-07
7.547375621479999933e-07
7.045020230410000161e-07
6.750478293660000372e-07
6.591653415669999700e-07
6.517573060610000065e-07
6.493664778189999974e-07
6.497258746969999570e-07
3.266940635840000169e-06
3.241691189699999817e-06
3.180315977869999932e-06
3.093875751949999920e-06
2.989285021279999969e-06
2.870571092309999923e-06
2.740466000009999830e-06
2.184474799609999846e-06
1.655039188179999896e-06
1.215949570260000053e-06
8.669937812930000395e-07
4.923291706039999996e-07
1.949954068090000004e-07
6.067683469250000621e-08
0.000000000000000000e+00
2.505777916269999845e-08
1.736222780390000112e-07
3.279550834110000109e-07
4.089877455409999805e-07
4.281739152479999865e-07
4.119493506440000010e-07
3.803193816210000196e-07
3.443278907650000125e-07
3.095674231999999978e-07
5.139420950339999929e-07
4.412784860219999920e-07
3.940626856169999962e-07
3.649245567379999789e-07
3.478540933249999831e-07
3.386065775820000008e-07
3.342354782130000020e-07
3.327593133160000067e-07
3.328825701149999747e-07
3.337841380669999792e-07
1.678826911990000062e-06
1.664197694660000011e-06
1.631612568789999924e-06
1.586780888080000055e-06
1.532958313470000006e-06
1.472022753179999904e-06
1.405290467769999912e-06
1.120180239620000042e-06
8.486901716109999602e-07
6.235289393720000239e-07
4.445874086330000104e-07
2.524624603569999843e-07
9.999209197190000211e-08
3.111459894119999743e-08
0.000000000000000000e+00
0.000000000000000000e+00
0.000000000000000000e+00
0.000000000000000000e+00
0.000000000000000000e+00
0.000000000000000000e+00
0.000000000000000000e+00
0.000000000000000000e+00
0.000000000000000000e+00
0.000000000000000000e+00
0.000000000000000000e+00
0.000000000000000000e+00
0.000000000000000000e+00
0.000000000000000000e+00
0.000000000000000000e+00
0.000000000000000000e+00
0.000000000000000000e+00
0.000000000000000000e+00
0.000000000000000000e+00
0.000000000000000000e+00
0.000000000000000000e+00
0.000000000000000000e+00
0.000000000000000000e+00
0.000000000000000000e+00
0.000000000000000000e+00
0.000000000000000000e+00
0.000000000000000000e+00
0.000000000000000000e+00
0.000000000000000000e+00
0.000000000000000000e+00
0.000000000000000000e+00
0.000000000000000000e+00
0.000000000000000000e+00
0.000000000000000000e+00
0.000000000000000000e+00
0.000000000000000000e+00
0.000000000000000000e+00
0.000000000000000000e+00
0.000000000000000000e+00
0.000000000000000000e+00
0.000000000000000000e+00
0.000000000000000000e+00
0.000000000000000000e+00
0.000000000000000000e+00
0.000000000000000000e+00
0.000000000000000000e+00
0.000000000000000000e+00
0.000000000000000000e+00
0.000000000000000000e+00
0.000000000000000000e+00
0.000000000000000000e+00
0.000000000000000000e+00
0.000000000000000000e+00
0.000000000000000000e+00
0.000000000000000000e+00
0.000000000000000000e+00
0.000000000000000000e+00
0.000000000000000000e+00
0.000000000000000000e+00
0.000000000000000000e+00
0.000000000000000000e+00
0.000000000000000000e+00
0.000000000000000000e+00
0.000000000000000000e+00
0.000000000000000000e+00
0.000000000000000000e+00
0.000000000000000000e+00
0.000000000000000000e+00
0.000000000000000000e+00
0.000000000000000000e+00
0.000000000000000000e+00
0.000000000000000000e+00
0.000000000000000000e+00
0.000000000000000000e+00
0.000000000000000000e+00
0.000000000000000000e+00
0.000000000000000000e+00
0.000000000000000000e+00
0.000000000000000000e+00
0.000000000000000000e+00
0.000000000000000000e+00
0.000000000000000000e+00
0.000000000000000000e+00
0.000000000000000000e+00
0.000000000000000000e+00
0.000000000000000000e+00
0.000000000000000000e+00
0.000000000000000000e+00
0.000000000000000000e+00
0.000000000000000000e+00
0.000000000000000000e+00
0.000000000000000000e+00
0.000000000000000000e+00
0.000000000000000000e+00
0.000000000000000000e+00
0.000000000000000000e+00
0.000000000000000000e+00
0.000000000000000000e+00
0.000000000000000000e+00
0.000000000000000000e+00
0.000000000000000000e+00
0.000000000000000000e+00
0.000000000000000000e+00
0.000000000000000000e+00
0.000000000000000000e+00
0.000000000000000000e+00
0.000000000000000000e+00
0.000000000000000000e+00
0.000000000000000000e+00
0.000000000000000000e+00
0.000000000000000000e+00
0.000000000000000000e+00
0.000000000000000000e+00
0.000000000000000000e+00
0.000000000000000000e+00
0.000000000000000000e+00
0.000000000000000000e+00
0.000000000000000000e+00
0.000000000000000000e+00
0.000000000000000000e+00
0.000000000000000000e+00
0.000000000000000000e+00
0.000000000000000000e+00
0.000000000000000000e+00
0.000000000000000000e+00
0.000000000000000000e+00
0.000000000000000000e+00
0.000000000000000000e+00
0.000000000000000000e+00
0.000000000000000000e+00
0.000000000000000000e+00
0.000000000000000000e+00
0.000000000000000000e+00
0.000000000000000000e+00
0.000000000000000000e+00
0.000000000000000000e+00
0.000000000000000000e+00
0.000000000000000000e+00
0.000000000000000000e+00
0.000000000000000000e+00
0.000000000000000000e+00
0.000000000000000000e+00
0.000000000000000000e+00
0.000000000000000000e+00
0.000000000000000000e+00
0.000000000000000000e+00
0.000000000000000000e+00
0.000000000000000000e+00
0.000000000000000000e+00
0.000000000000000000e+00
0.000000000000000000e+00
0.000000000000000000e+00
0.000000000000000000e+00
0.000000000000000000e+00
0.000000000000000000e+00
0.000000000000000000e+00
0.000000000000000000e+00
0.000000000000000000e+00
0.000000000000000000e+00
0.000000000000000000e+00
0.000000000000000000e+00
0.000000000000000000e+00
0.000000000000000000e+00
0.000000000000000000e+00
0.000000000000000000e+00
0.000000000000000000e+00
0.000000000000000000e+00
0.000000000000000000e+00
0.000000000000000000e+00
0.000000000000000000e+00
0.000000000000000000e+00
0.000000000000000000e+00
0.000000000000000000e+00
0.000000000000000000e+00
0.000000000000000000e+00
0.000000000000000000e+00
0.000000000000000000e+00
0.000000000000000000e+00
0.000000000000000000e+00
0.000000000000000000e+00
0.000000000000000000e+00
0.000000000000000000e+00
0.000000000000000000e+00
0.000000000000000000e+00
0.000000000000000000e+00
0.000000000000000000e+00
0.000000000000000000e+00
0.000000000000000000e+00
0.000000000000000000e+00
0.000000000000000000e+00
0.000000000000000000e+00
0.000000000000000000e+00
0.000000000000000000e+00
0.000000000000000000e+00
0.000000000000000000e+00
0.000000000000000000e+00
0.000000000000000000e+00
0.000000000000000000e+00
0.000000000000000000e+00
0.000000000000000000e+00
0.000000000000000000e+00
0.000000000000000000e+00
0.000000000000000000e+00
0.000000000000000000e+00
0.000000000000000000e+00
0.000000000000000000e+00
0.000000000000000000e+00
0.000000000000000000e+00
0.000000000000000000e+00
0.000000000000000000e+00
0.000000000000000000e+00
0.000000000000000000e+00
0.000000000000000000e+00
0.000000000000000000e+00
0.000000000000000000e+00
0.000000000000000000e+00
0.000000000000000000e+00
0.000000000000000000e+00
0.000000000000000000e+00
0.000000000000000000e+00
0.000000000000000000e+00
0.000000000000000000e+00
0.000000000000000000e+00
0.000000000000000000e+00
0.000000000000000000e+00
0.000000000000000000e+00
0.000000000000000000e+00
0.000000000000000000e+00
0.000000000000000000e+00
0.000000000000000000e+00
0.000000000000000000e+00
0.000000000000000000e+00
0.000000000000000000e+00
0.000000000000000000e+00
0.000000000000000000e+00
0.000000000000000000e+00
0.000000000000000000e+00
0.000000000000000000e+00
0.000000000000000000e+00
0.000000000000000000e+00
0.000000000000000000e+00
0.000000000000000000e+00
0.000000000000000000e+00
0.000000000000000000e+00
0.000000000000000000e+00
0.000000000000000000e+00
0.000000000000000000e+00
0.000000000000000000e+00
0.000000000000000000e+00
0.000000000000000000e+00
0.000000000000000000e+00
0.000000000000000000e+00
0.000000000000000000e+00
0.000000000000000000e+00
0.000000000000000000e+00
0.000000000000000000e+00
0.000000000000000000e+00
0.000000000000000000e+00
0.000000000000000000e+00
0.000000000000000000e+00
0.000000000000000000e+00
0.000000000000000000e+00
0.000000000000000000e+00
0.000000000000000000e+00
0.000000000000000000e+00
0.000000000000000000e+00
0.000000000000000000e+00
0.000000000000000000e+00
0.000000000000000000e+00
0.000000000000000000e+00
0.000000000000000000e+00
0.000000000000000000e+00
0.000000000000000000e+00
0.000000000000000000e+00
0.000000000000000000e+00
0.000000000000000000e+00
0.000000000000000000e+00
0.000000000000000000e+00
0.000000000000000000e+00
0.000000000000000000e+00
0.000000000000000000e+00
0.000000000000000000e+00
0.000000000000000000e+00
0.000000000000000000e+00
0.000000000000000000e+00
0.000000000000000000e+00
0.000000000000000000e+00
0.000000000000000000e+00
0.000000000000000000e+00
0.000000000000000000e+00
0.000000000000000000e+00
0.000000000000000000e+00
0.000000000000000000e+00
0.000000000000000000e+00
0.000000000000000000e+00
0.000000000000000000e+00
0.000000000000000000e+00
0.000000000000000000e+00
0.000000000000000000e+00
0.000000000000000000e+00
0.000000000000000000e+00
0.000000000000000000e+00
0.000000000000000000e+00
0.000000000000000000e+00
0.000000000000000000e+00
0.000000000000000000e+00
0.000000000000000000e+00
0.000000000000000000e+00
0.000000000000000000e+00
0.000000000000000000e+00
0.000000000000000000e+00
0.000000000000000000e+00
0.000000000000000000e+00
0.000000000000000000e+00
0.000000000000000000e+00
0.000000000000000000e+00
0.000000000000000000e+00
0.000000000000000000e+00
0.000000000000000000e+00
0.000000000000000000e+00
0.000000000000000000e+00
0.000000000000000000e+00
0.000000000000000000e+00
0.000000000000000000e+00
0.000000000000000000e+00
0.000000000000000000e+00
0.000000000000000000e+00
0.000000000000000000e+00
0.000000000000000000e+00
0.000000000000000000e+00
0.000000000000000000e+00
0.000000000000000000e+00
0.000000000000000000e+00
0.000000000000000000e+00
0.000000000000000000e+00
0.000000000000000000e+00
0.000000000000000000e+00
0.000000000000000000e+00
0.000000000000000000e+00
0.000000000000000000e+00
0.000000000000000000e+00
0.000000000000000000e+00
0.000000000000000000e+00
0.000000000000000000e+00
0.000000000000000000e+00
0.000000000000000000e+00
0.000000000000000000e+00
0.000000000000000000e+00
0.000000000000000000e+00
0.000000000000000000e+00
0.000000000000000000e+00
0.000000000000000000e+00
0.000000000000000000e+00
0.000000000000000000e+00
0.000000000000000000e+00
0.000000000000000000e+00
0.000000000000000000e+00
0.000000000000000000e+00
0.000000000000000000e+00
0.000000000000000000e+00
0.000000000000000000e+00
0.000000000000000000e+00
0.000000000000000000e+00
0.000000000000000000e+00
0.000000000000000000e+00
0.000000000000000000e+00
0.000000000000000000e+00
0.000000000000000000e+00
0.000000000000000000e+00
0.000000000000000000e+00
0.000000000000000000e+00
0.000000000000000000e+00
0.000000000000000000e+00
0.000000000000000000e+00
